al	Density=2.6989	Thickness=0.5	microns
Photon	Energy	"(eV),"	Transmission
10	3.06E-29		
10.18	4.02E-28		
10.36	4.58E-27		
10.54	4.57E-26		
10.72	4.03E-25		
10.9	3.16E-24		
11.08	2.08E-23		
11.26	1.01E-22		
11.44	3.89E-22		
11.62	1.42E-21		
11.8	4.90E-21		
11.98	1.61E-20		
12.16	5.05E-20		
12.34	1.52E-19		
12.52	4.36E-19		
12.7	1.63E-18		
12.88	6.14E-18		
13.06	2.19E-17		
13.24	7.52E-17		
13.42	2.80E-16		
13.6	1.19E-15		
13.78	5.10E-15		
13.96	2.42E-14		
14.14	1.09E-13		
14.32	6.70E-13		
14.5	1.20E-11		
14.68	2.27E-09		
14.86	4.90E-07		
15.04	2.41E-05		
15.22	3.54E-04		
15.4	2.06E-03		
15.58	4.79E-03		
15.76	8.72E-03		
15.94	1.40E-02		
16.12	2.13E-02		
16.3	3.16E-02		
16.48	4.53E-02		
16.66	6.25E-02		
16.84	7.70E-02		
17.02	9.06E-02		
17.2	0.10517		
17.38	0.11976		
17.56	0.13405		
17.74	0.14489		
17.92	0.15602		
18.1	0.16741		
18.28	0.17904		
18.46	0.19087		
18.64	0.20289		
18.82	0.21566		
19	0.22885		
19.18	0.24222		
19.36	0.25568		
19.54	0.2692		
19.72	0.28276		
19.9	0.29633		
20.08	0.30832		
20.26	0.31978		
20.44	0.32072		
20.62	0.32164		
20.8	0.32256		
20.98	0.32347		
21.16	0.32438		
21.34	0.32527		
21.52	0.32616		
21.7	0.32705		
21.88	0.32792		
22.06	0.32879		
22.24	0.32965		
22.42	0.33051		
22.6	0.33136		
22.78	0.3322		
22.96	0.33303		
23.14	0.33287		
23.32	0.33203		
23.5	0.33048		
23.68	0.32829		
23.86	0.32612		
24.04	0.32396		
24.22	0.32183		
24.4	0.31971		
24.58	0.31761		
24.76	0.31553		
24.94	0.31346		
25.12	0.31141		
25.3	0.30938		
25.48	0.30755		
25.66	0.30583		
25.84	0.30462		
26.02	0.3042		
26.2	0.30379		
26.38	0.30337		
26.56	0.30296		
26.74	0.30256		
26.92	0.30215		
27.1	0.30175		
27.28	0.30135		
27.46	0.30096		
27.64	0.30056		
27.82	0.30017		
28	0.29979		
28.18	0.2994		
28.36	0.29902		
28.54	0.29864		
28.72	0.29826		
28.9	0.29788		
29.08	0.29751		
29.26	0.29714		
29.44	0.29677		
29.62	0.29641		
29.8	0.29604		
29.98	0.29568		
30.16	0.29532		
30.34	0.29497		
30.52	0.29461		
30.7	0.29426		
30.88	0.29391		
31.06	0.29356		
31.24	0.29321		
31.42	0.29287		
31.6	0.29253		
31.78	0.29219		
31.96	0.29185		
32.14	0.29151		
32.32	0.29124		
32.5	0.29108		
32.68	0.29093		
32.86	0.29109		
33.04	0.29168		
33.22	0.29226		
33.4	0.29283		
33.58	0.29341		
33.76	0.29398		
33.94	0.29455		
34.12	0.29511		
34.3	0.29568		
34.48	0.29624		
34.66	0.29679		
34.84	0.29735		
35.02	0.2979		
35.2	0.29845		
35.38	0.299		
35.56	0.29954		
35.74	0.30008		
35.92	0.30062		
36.1	0.30116		
36.28	0.30169		
36.46	0.30223		
36.64	0.30275		
36.82	0.30328		
37	0.30381		
37.18	0.30433		
37.36	0.30485		
37.54	0.30536		
37.72	0.30588		
37.9	0.30639		
38.08	0.3069		
38.26	0.30741		
38.44	0.30791		
38.62	0.30842		
38.8	0.30892		
38.98	0.30942		
39.16	0.30992		
39.34	0.31041		
39.52	0.3109		
39.7	0.31139		
39.88	0.31188		
40.06	0.31237		
40.24	0.31285		
40.42	0.31335		
40.6	0.31393		
40.78	0.3145		
40.96	0.31508		
41.14	0.31587		
41.32	0.31685		
41.5	0.31782		
41.68	0.31878		
41.86	0.31975		
42.04	0.32071		
42.22	0.32166		
42.4	0.32261		
42.58	0.32356		
42.76	0.32451		
42.94	0.32545		
43.12	0.32638		
43.3	0.32732		
43.48	0.32825		
43.66	0.32917		
43.84	0.3301		
44.02	0.33102		
44.2	0.33193		
44.38	0.33284		
44.56	0.33375		
44.74	0.33466		
44.92	0.33556		
45.1	0.33646		
45.28	0.33735		
45.46	0.33825		
45.64	0.33913		
45.82	0.34002		
46	0.3409		
46.18	0.34178		
46.36	0.34265		
46.54	0.34353		
46.72	0.3444		
46.9	0.34526		
47.08	0.34612		
47.26	0.34698		
47.44	0.34803		
47.62	0.35021		
47.8	0.35238		
47.98	0.35455		
48.16	0.35671		
48.34	0.35937		
48.52	0.3621		
48.7	0.36482		
48.88	0.36753		
49.06	0.37023		
49.24	0.37292		
49.42	0.37559		
49.6	0.37826		
49.78	0.38092		
49.96	0.38357		
50.14	0.38621		
50.32	0.38883		
50.5	0.39145		
50.68	0.39406		
50.86	0.39665		
51.04	0.39924		
51.22	0.40181		
51.4	0.40438		
51.58	0.40693		
51.76	0.40947		
51.94	0.41201		
52.12	0.41453		
52.3	0.41704		
52.48	0.41954		
52.66	0.42203		
52.84	0.42451		
53.02	0.42697		
53.2	0.42917		
53.38	0.4313		
53.56	0.43342		
53.74	0.43553		
53.92	0.43762		
54.1	0.43952		
54.28	0.4414		
54.46	0.44328		
54.64	0.44515		
54.82	0.44701		
55	0.44886		
55.18	0.4507		
55.36	0.45254		
55.54	0.45437		
55.72	0.45619		
55.9	0.458		
56.08	0.4598		
56.26	0.4616		
56.44	0.46339		
56.62	0.46517		
56.8	0.46695		
56.98	0.46871		
57.16	0.47047		
57.34	0.47222		
57.52	0.47396		
57.7	0.4757		
57.88	0.47743		
58.06	0.47915		
58.24	0.48086		
58.42	0.48257		
58.6	0.48426		
58.78	0.48595		
58.96	0.48764		
59.14	0.48931		
59.32	0.49098		
59.5	0.49222		
59.68	0.49335		
59.86	0.49448		
60.04	0.4956		
60.22	0.49671		
60.4	0.49773		
60.58	0.49864		
60.76	0.49954		
60.94	0.50044		
61.12	0.50134		
61.3	0.50223		
61.48	0.50312		
61.66	0.504		
61.84	0.50489		
62.02	0.50577		
62.2	0.50664		
62.38	0.50751		
62.56	0.50838		
62.74	0.50925		
62.92	0.51011		
63.1	0.51098		
63.28	0.51183		
63.46	0.5109		
63.64	0.50985		
63.82	0.50881		
64	0.50777		
64.18	0.50673		
64.36	0.50565		
64.54	0.50446		
64.72	0.50327		
64.9	0.50208		
65.08	0.5009		
65.26	0.49971		
65.44	0.49853		
65.62	0.49735		
65.8	0.49618		
65.98	0.495		
66.16	0.49383		
66.34	0.49266		
66.52	0.49149		
66.7	0.49032		
66.88	0.48916		
67.06	0.48799		
67.24	0.48683		
67.42	0.48567		
67.6	0.48465		
67.78	0.48369		
67.96	0.48274		
68.14	0.4818		
68.32	0.48085		
68.5	0.47991		
68.68	0.47898		
68.86	0.47806		
69.04	0.47715		
69.22	0.47624		
69.4	0.47533		
69.58	0.47442		
69.76	0.47352		
69.94	0.47261		
70.12	0.47171		
70.3	0.47081		
70.48	0.46991		
70.66	0.46901		
70.84	0.46812		
71.02	0.46722		
71.2	0.46633		
71.38	0.46544		
71.56	0.46455		
71.74	0.46366		
71.92	0.46278		
72.1	0.46189		
72.28	0.46101		
72.46	0.46013		
72.64	0.28227		
72.82	1.46E-04		
73	1.38E-04		
73.18	1.31E-04		
73.36	1.24E-04		
73.54	1.17E-04		
73.72	1.11E-04		
73.9	1.05E-04		
74.08	9.95E-05		
74.26	9.42E-05		
74.44	8.91E-05		
74.62	8.43E-05		
74.8	7.97E-05		
74.98	7.54E-05		
75.16	7.13E-05		
75.34	6.74E-05		
75.52	6.37E-05		
75.7	6.02E-05		
75.88	5.68E-05		
76.06	5.37E-05		
76.24	5.07E-05		
76.42	4.78E-05		
76.6	4.52E-05		
76.78	4.26E-05		
76.96	4.02E-05		
77.14	3.79E-05		
77.32	3.58E-05		
77.5	3.37E-05		
77.68	3.18E-05		
77.86	3.00E-05		
78.04	2.83E-05		
78.22	2.66E-05		
78.4	2.51E-05		
78.58	2.36E-05		
78.76	2.22E-05		
78.94	2.09E-05		
79.12	1.97E-05		
79.3	1.85E-05		
79.48	1.74E-05		
79.66	1.64E-05		
79.84	1.54E-05		
80.02	1.45E-05		
80.2	1.36E-05		
80.38	1.28E-05		
80.56	1.21E-05		
80.74	1.14E-05		
80.92	1.08E-05		
81.1	1.02E-05		
81.28	9.59E-06		
81.46	9.06E-06		
81.64	8.55E-06		
81.82	8.06E-06		
82	7.61E-06		
82.18	7.18E-06		
82.36	6.77E-06		
82.54	6.39E-06		
82.72	6.03E-06		
82.9	5.68E-06		
83.08	5.36E-06		
83.26	5.05E-06		
83.44	4.76E-06		
83.62	4.49E-06		
83.8	4.23E-06		
83.98	3.98E-06		
84.16	3.75E-06		
84.34	3.53E-06		
84.52	3.32E-06		
84.7	3.13E-06		
84.88	2.95E-06		
85.06	2.77E-06		
85.24	2.61E-06		
85.42	2.46E-06		
85.6	2.31E-06		
85.78	2.17E-06		
85.96	2.07E-06		
86.14	1.99E-06		
86.32	1.91E-06		
86.5	1.83E-06		
86.68	1.76E-06		
86.86	1.69E-06		
87.04	1.62E-06		
87.22	1.55E-06		
87.4	1.53E-06		
87.58	1.50E-06		
87.76	1.47E-06		
87.94	1.45E-06		
88.12	1.43E-06		
88.3	1.40E-06		
88.48	1.38E-06		
88.66	1.36E-06		
88.84	1.33E-06		
89.02	1.31E-06		
89.2	1.29E-06		
89.38	1.27E-06		
89.56	1.25E-06		
89.74	1.23E-06		
89.92	1.21E-06		
90.1	1.19E-06		
90.28	1.17E-06		
90.46	1.15E-06		
90.64	1.13E-06		
90.82	1.11E-06		
91	1.09E-06		
91.18	1.08E-06		
91.36	1.06E-06		
91.54	1.04E-06		
91.72	1.02E-06		
91.9	1.01E-06		
92.08	9.90E-07		
92.26	9.74E-07		
92.44	9.58E-07		
92.62	9.42E-07		
92.8	9.27E-07		
92.98	9.12E-07		
93.16	8.97E-07		
93.34	8.82E-07		
93.52	8.68E-07		
93.7	8.54E-07		
93.88	8.40E-07		
94.06	8.27E-07		
94.24	8.13E-07		
94.42	8.00E-07		
94.6	7.87E-07		
94.78	7.74E-07		
94.96	7.62E-07		
95.14	7.50E-07		
95.32	7.38E-07		
95.5	7.26E-07		
95.68	7.14E-07		
95.86	7.03E-07		
96.04	6.91E-07		
96.22	6.80E-07		
96.4	6.69E-07		
96.58	6.58E-07		
96.76	6.48E-07		
96.94	6.38E-07		
97.12	6.27E-07		
97.3	6.17E-07		
97.48	6.07E-07		
97.66	5.98E-07		
97.84	5.88E-07		
98.02	5.79E-07		
98.2	5.70E-07		
98.38	5.61E-07		
98.56	5.52E-07		
98.74	5.43E-07		
98.92	5.34E-07		
99.1	5.26E-07		
99.28	5.17E-07		
99.46	5.09E-07		
99.64	5.01E-07		
99.82	4.93E-07		
100	4.85E-07		
